 -4.98   0.00   0.00   0.00   0.00
 -4.95   0.00   0.00   0.00   0.00
 -4.93   0.00   0.00   0.00   0.00
 -4.90   0.00   0.00   0.00   0.00
 -4.88   0.00   0.00   0.00   0.00
 -4.85   0.00   0.00   0.00   0.00
 -4.83   0.00   0.00   0.00   0.00
 -4.80   0.00   0.00   0.00   0.00
 -4.78   0.00   0.00   0.00   0.00
 -4.75   0.00   0.00   0.00   0.00
 -4.73   0.00   0.00   0.00   0.00
 -4.70   0.00   0.00   0.00   0.00
 -4.67   0.00   0.00   0.00   0.00
 -4.65   0.00   0.00   0.00   0.00
 -4.62   0.00   0.00   0.00   0.00
 -4.60   0.00   0.00   0.00   0.00
 -4.58   0.00   0.00   0.00   0.00
 -4.55   0.00   0.00   0.00   0.00
 -4.53   0.00   0.00   0.00   0.00
 -4.50   0.00   0.00   0.00   0.00
 -4.48   0.00   0.00   0.00   0.00
 -4.45   0.00   0.00   0.00   0.00
 -4.42   0.00   0.00   0.00   0.00
 -4.40   0.00   0.00   0.00   0.00
 -4.38   0.00   0.00   0.00   0.00
 -4.35   0.00   0.00   0.00   0.00
 -4.33   0.00   0.00   0.00   0.00
 -4.30   0.00   0.00   0.00   0.00
 -4.28   0.00   0.00   0.00   0.00
 -4.25   0.00   0.00   0.00   0.00
 -4.23   0.00   0.00   0.00   0.00
 -4.20   0.00   0.00   0.00   0.00
 -4.17   0.00   0.00   0.00   0.00
 -4.15   0.00   0.00   0.00   0.00
 -4.12   0.00   0.00   0.00   0.00
 -4.10   0.00   0.00   0.00   0.00
 -4.08   0.00   0.00   0.00   0.00
 -4.05   0.00   0.00   0.00   0.00
 -4.03   0.00   0.00   0.00   0.00
 -4.00   0.00   0.00   0.00   0.00
 -3.98   0.00   0.00   0.00   0.00
 -3.95   0.00   0.00   0.00   0.00
 -3.93   0.00   0.00   0.00   0.00
 -3.90   0.00   0.00   0.00   0.00
 -3.88   0.00   0.00   0.00   0.00
 -3.85   0.00   0.00   0.00   0.00
 -3.83   0.00   0.00   0.00   0.00
 -3.80   0.00   0.00   0.00   0.00
 -3.78   0.00   0.00   0.00   0.00
 -3.75   0.00   0.00   0.00   0.00
 -3.73   0.00   0.00   0.00   0.00
 -3.70   0.00   0.00   0.00   0.00
 -3.68   0.00   0.00   0.00   0.00
 -3.65   0.00   0.00   0.00   0.00
 -3.62   0.00   0.00   0.00   0.00
 -3.60   0.00   0.00   0.00   0.00
 -3.58   0.00   0.00   0.00   0.00
 -3.55   0.00   0.00   0.00   0.00
 -3.53   0.00   0.00   0.00   0.00
 -3.50   0.00   0.00   0.00   0.00
 -3.48   0.00   0.00   0.00   0.00
 -3.45   0.00   0.00   0.00   0.00
 -3.43   0.00   0.00   0.00   0.01
 -3.40   0.00   0.00   0.00   0.01
 -3.38   0.00   0.00   0.00   0.01
 -3.35   0.00   0.01   0.00   0.01
 -3.33   0.00   0.01   0.00   0.01
 -3.30   0.00   0.01   0.00   0.01
 -3.28   0.00   0.01   0.00   0.01
 -3.25   0.00   0.01   0.00   0.01
 -3.23   0.00   0.01   0.00   0.01
 -3.20   0.00   0.01   0.00   0.01
 -3.18   0.00   0.01   0.00   0.01
 -3.15   0.00   0.01   0.00   0.01
 -3.12   0.00   0.01   0.00   0.01
 -3.10   0.00   0.01   0.00   0.01
 -3.08   0.00   0.01   0.00   0.01
 -3.05   0.00   0.01   0.00   0.01
 -3.03   0.00   0.01   0.00   0.02
 -3.00   0.00   0.02   0.00   0.02
 -2.98   0.00   0.02   0.00   0.02
 -2.95   0.00   0.02   0.00   0.03
 -2.93   0.00   0.03   0.00   0.03
 -2.90   0.00   0.04   0.00   0.04
 -2.88   0.00   0.06   0.00   0.06
 -2.85   0.00   0.11   0.00   0.11
 -2.83   0.00   0.25   0.00   0.25
 -2.80   0.00   0.37   0.00   0.37
 -2.78   0.00   0.41   0.00   0.41
 -2.75   0.00   0.43   0.00   0.44
 -2.73   0.00   0.45   0.00   0.45
 -2.70   0.00   0.44   0.00   0.44
 -2.68   0.00   0.47   0.00   0.48
 -2.65   0.00   0.46   0.00   0.46
 -2.62   0.00   0.49   0.00   0.49
 -2.60   0.00   0.47   0.00   0.47
 -2.58   0.00   0.50   0.00   0.50
 -2.55   0.00   0.49   0.00   0.49
 -2.53   0.00   0.50   0.00   0.50
 -2.50   0.00   0.53   0.00   0.54
 -2.48   0.00   0.49   0.00   0.49
 -2.45   0.00   0.55   0.00   0.55
 -2.43   0.00   0.52   0.00   0.52
 -2.40   0.00   0.55   0.00   0.55
 -2.38   0.00   0.56   0.00   0.56
 -2.35   0.00   0.57   0.00   0.57
 -2.33   0.00   0.57   0.00   0.57
 -2.30   0.00   0.59   0.00   0.59
 -2.27   0.00   0.61   0.00   0.62
 -2.25   0.00   0.61   0.00   0.61
 -2.23   0.00   0.64   0.00   0.64
 -2.20   0.00   0.68   0.00   0.68
 -2.18   0.00   0.64   0.00   0.64
 -2.15   0.00   0.75   0.00   0.75
 -2.12   0.00   0.74   0.00   0.74
 -2.10   0.00   0.71   0.00   0.71
 -2.08   0.00   0.90   0.00   0.90
 -2.05   0.00   0.88   0.00   0.88
 -2.02   0.00   0.89   0.00   0.89
 -2.00   0.00   1.25   0.00   1.25
 -1.98   0.00   0.87   0.00   0.88
 -1.95   0.00   0.84   0.00   0.84
 -1.93   0.00   0.86   0.00   0.87
 -1.90   0.00   0.67   0.00   0.67
 -1.88   0.00   0.63   0.00   0.63
 -1.85   0.00   0.71   0.00   0.71
 -1.83   0.00   0.55   0.00   0.55
 -1.80   0.00   0.53   0.00   0.53
 -1.78   0.00   0.56   0.00   0.56
 -1.75   0.00   0.51   0.00   0.52
 -1.73   0.00   0.47   0.00   0.47
 -1.70   0.00   0.46   0.00   0.47
 -1.68   0.00   0.46   0.00   0.47
 -1.65   0.00   0.43   0.00   0.44
 -1.62   0.00   0.41   0.00   0.41
 -1.60   0.00   0.40   0.00   0.40
 -1.58   0.00   0.39   0.00   0.39
 -1.55   0.00   0.37   0.00   0.38
 -1.53   0.00   0.36   0.00   0.37
 -1.50   0.00   0.35   0.00   0.36
 -1.48   0.00   0.32   0.00   0.32
 -1.45   0.00   0.31   0.00   0.32
 -1.43   0.00   0.34   0.00   0.34
 -1.40   0.00   0.32   0.00   0.33
 -1.38   0.00   0.28   0.00   0.29
 -1.35   0.00   0.23   0.00   0.23
 -1.33   0.00   0.31   0.00   0.31
 -1.30   0.00   0.33   0.00   0.33
 -1.28   0.00   0.25   0.00   0.25
 -1.25   0.00   0.19   0.00   0.19
 -1.23   0.00   0.24   0.00   0.24
 -1.20   0.00   0.28   0.00   0.29
 -1.18   0.00   0.26   0.00   0.26
 -1.15   0.00   0.19   0.00   0.20
 -1.12   0.00   0.16   0.01   0.17
 -1.10   0.00   0.24   0.01   0.25
 -1.07   0.00   0.22   0.01   0.23
 -1.05   0.00   0.21   0.01   0.22
 -1.03   0.00   0.18   0.01   0.19
 -1.00   0.00   0.15   0.01   0.16
 -0.98   0.00   0.18   0.01   0.19
 -0.95   0.00   0.16   0.01   0.17
 -0.93   0.00   0.19   0.01   0.19
 -0.90   0.00   0.20   0.01   0.21
 -0.88   0.00   0.14   0.01   0.15
 -0.85   0.00   0.10   0.01   0.11
 -0.83   0.00   0.14   0.01   0.15
 -0.80   0.00   0.14   0.01   0.15
 -0.78   0.00   0.22   0.01   0.23
 -0.75   0.00   0.11   0.01   0.13
 -0.73   0.00   0.07   0.01   0.09
 -0.70   0.00   0.12   0.01   0.13
 -0.68   0.00   0.11   0.01   0.13
 -0.65   0.00   0.13   0.02   0.15
 -0.62   0.00   0.13   0.02   0.15
 -0.60   0.00   0.08   0.02   0.10
 -0.58   0.00   0.09   0.02   0.11
 -0.55   0.00   0.09   0.02   0.11
 -0.53   0.00   0.06   0.02   0.09
 -0.50   0.00   0.10   0.03   0.13
 -0.48   0.00   0.11   0.03   0.14
 -0.45   0.00   0.09   0.03   0.12
 -0.43   0.00   0.05   0.04   0.09
 -0.40   0.00   0.03   0.04   0.08
 -0.38   0.00   0.05   0.05   0.10
 -0.35   0.00   0.10   0.05   0.15
 -0.33   0.00   0.07   0.06   0.13
 -0.30   0.00   0.05   0.07   0.12
 -0.28   0.00   0.03   0.08   0.11
 -0.25   0.00   0.03   0.10   0.13
 -0.23   0.00   0.05   0.12   0.18
 -0.20   0.00   0.03   0.16   0.19
 -0.18   0.00   0.03   0.21   0.24
 -0.15   0.00   0.04   0.28   0.32
 -0.12   0.00   0.02   0.40   0.42
 -0.10   0.00   0.01   0.61   0.63
 -0.08   0.00   0.01   1.06   1.07
 -0.05   0.00   0.01   2.20   2.21
 -0.03   0.01   0.01   6.21   6.23
  0.00   0.01   0.01  15.92  15.94
  0.03   0.01   0.01   6.21   6.23
  0.05   0.01   0.00   2.20   2.21
  0.08   0.01   0.00   1.06   1.07
  0.10   0.01   0.00   0.61   0.63
  0.12   0.02   0.00   0.40   0.42
  0.15   0.04   0.00   0.28   0.32
  0.18   0.03   0.00   0.21   0.24
  0.20   0.03   0.00   0.16   0.19
  0.23   0.05   0.00   0.12   0.18
  0.25   0.03   0.00   0.10   0.13
  0.28   0.03   0.00   0.08   0.11
  0.30   0.05   0.00   0.07   0.12
  0.33   0.07   0.00   0.06   0.13
  0.35   0.10   0.00   0.05   0.15
  0.38   0.05   0.00   0.05   0.10
  0.40   0.03   0.00   0.04   0.08
  0.43   0.05   0.00   0.04   0.09
  0.45   0.09   0.00   0.03   0.12
  0.48   0.11   0.00   0.03   0.14
  0.50   0.10   0.00   0.03   0.13
  0.53   0.06   0.00   0.02   0.09
  0.55   0.09   0.00   0.02   0.11
  0.58   0.09   0.00   0.02   0.11
  0.60   0.08   0.00   0.02   0.10
  0.62   0.13   0.00   0.02   0.15
  0.65   0.13   0.00   0.02   0.15
  0.68   0.11   0.00   0.01   0.13
  0.70   0.12   0.00   0.01   0.13
  0.73   0.07   0.00   0.01   0.09
  0.75   0.11   0.00   0.01   0.13
  0.78   0.22   0.00   0.01   0.23
  0.80   0.14   0.00   0.01   0.15
  0.83   0.14   0.00   0.01   0.15
  0.85   0.10   0.00   0.01   0.11
  0.88   0.14   0.00   0.01   0.15
  0.90   0.20   0.00   0.01   0.21
  0.93   0.19   0.00   0.01   0.19
  0.95   0.16   0.00   0.01   0.17
  0.98   0.18   0.00   0.01   0.19
  1.00   0.15   0.00   0.01   0.16
  1.03   0.18   0.00   0.01   0.19
  1.05   0.21   0.00   0.01   0.22
  1.07   0.22   0.00   0.01   0.23
  1.10   0.24   0.00   0.01   0.25
  1.12   0.16   0.00   0.01   0.17
  1.15   0.19   0.00   0.00   0.20
  1.18   0.26   0.00   0.00   0.26
  1.20   0.28   0.00   0.00   0.29
  1.23   0.24   0.00   0.00   0.24
  1.25   0.19   0.00   0.00   0.19
  1.28   0.25   0.00   0.00   0.25
  1.30   0.33   0.00   0.00   0.33
  1.33   0.31   0.00   0.00   0.31
  1.35   0.23   0.00   0.00   0.23
  1.38   0.28   0.00   0.00   0.29
  1.40   0.32   0.00   0.00   0.33
  1.43   0.34   0.00   0.00   0.34
  1.45   0.31   0.00   0.00   0.32
  1.48   0.32   0.00   0.00   0.32
  1.50   0.35   0.00   0.00   0.36
  1.53   0.36   0.00   0.00   0.37
  1.55   0.37   0.00   0.00   0.38
  1.58   0.39   0.00   0.00   0.39
  1.60   0.40   0.00   0.00   0.40
  1.62   0.41   0.00   0.00   0.41
  1.65   0.43   0.00   0.00   0.44
  1.68   0.46   0.00   0.00   0.47
  1.70   0.46   0.00   0.00   0.47
  1.73   0.47   0.00   0.00   0.47
  1.75   0.51   0.00   0.00   0.52
  1.78   0.56   0.00   0.00   0.56
  1.80   0.53   0.00   0.00   0.53
  1.83   0.55   0.00   0.00   0.55
  1.85   0.71   0.00   0.00   0.71
  1.88   0.63   0.00   0.00   0.63
  1.90   0.67   0.00   0.00   0.67
  1.93   0.86   0.00   0.00   0.87
  1.95   0.84   0.00   0.00   0.84
  1.98   0.87   0.00   0.00   0.88
  2.00   1.25   0.00   0.00   1.25
  2.02   0.89   0.00   0.00   0.89
  2.05   0.88   0.00   0.00   0.88
  2.08   0.90   0.00   0.00   0.90
  2.10   0.71   0.00   0.00   0.71
  2.12   0.74   0.00   0.00   0.74
  2.15   0.75   0.00   0.00   0.75
  2.18   0.64   0.00   0.00   0.64
  2.20   0.68   0.00   0.00   0.68
  2.23   0.64   0.00   0.00   0.64
  2.25   0.61   0.00   0.00   0.61
  2.27   0.61   0.00   0.00   0.62
  2.30   0.59   0.00   0.00   0.59
  2.33   0.57   0.00   0.00   0.57
  2.35   0.57   0.00   0.00   0.57
  2.38   0.56   0.00   0.00   0.56
  2.40   0.55   0.00   0.00   0.55
  2.43   0.52   0.00   0.00   0.52
  2.45   0.55   0.00   0.00   0.55
  2.48   0.49   0.00   0.00   0.49
  2.50   0.53   0.00   0.00   0.54
  2.53   0.50   0.00   0.00   0.50
  2.55   0.49   0.00   0.00   0.49
  2.58   0.50   0.00   0.00   0.50
  2.60   0.47   0.00   0.00   0.47
  2.62   0.49   0.00   0.00   0.49
  2.65   0.46   0.00   0.00   0.46
  2.68   0.47   0.00   0.00   0.48
  2.70   0.44   0.00   0.00   0.44
  2.73   0.45   0.00   0.00   0.45
  2.75   0.43   0.00   0.00   0.44
  2.78   0.41   0.00   0.00   0.41
  2.80   0.37   0.00   0.00   0.37
  2.83   0.25   0.00   0.00   0.25
  2.85   0.11   0.00   0.00   0.11
  2.88   0.06   0.00   0.00   0.06
  2.90   0.04   0.00   0.00   0.04
  2.93   0.03   0.00   0.00   0.03
  2.95   0.02   0.00   0.00   0.03
  2.98   0.02   0.00   0.00   0.02
  3.00   0.02   0.00   0.00   0.02
  3.03   0.01   0.00   0.00   0.02
  3.05   0.01   0.00   0.00   0.01
  3.08   0.01   0.00   0.00   0.01
  3.10   0.01   0.00   0.00   0.01
  3.12   0.01   0.00   0.00   0.01
  3.15   0.01   0.00   0.00   0.01
  3.18   0.01   0.00   0.00   0.01
  3.20   0.01   0.00   0.00   0.01
  3.23   0.01   0.00   0.00   0.01
  3.25   0.01   0.00   0.00   0.01
  3.28   0.01   0.00   0.00   0.01
  3.30   0.01   0.00   0.00   0.01
  3.33   0.01   0.00   0.00   0.01
  3.35   0.01   0.00   0.00   0.01
  3.38   0.00   0.00   0.00   0.01
  3.40   0.00   0.00   0.00   0.01
  3.43   0.00   0.00   0.00   0.01
  3.45   0.00   0.00   0.00   0.00
  3.48   0.00   0.00   0.00   0.00
  3.50   0.00   0.00   0.00   0.00
  3.53   0.00   0.00   0.00   0.00
  3.55   0.00   0.00   0.00   0.00
  3.58   0.00   0.00   0.00   0.00
  3.60   0.00   0.00   0.00   0.00
  3.62   0.00   0.00   0.00   0.00
  3.65   0.00   0.00   0.00   0.00
  3.68   0.00   0.00   0.00   0.00
  3.70   0.00   0.00   0.00   0.00
  3.73   0.00   0.00   0.00   0.00
  3.75   0.00   0.00   0.00   0.00
  3.78   0.00   0.00   0.00   0.00
  3.80   0.00   0.00   0.00   0.00
  3.83   0.00   0.00   0.00   0.00
  3.85   0.00   0.00   0.00   0.00
  3.88   0.00   0.00   0.00   0.00
  3.90   0.00   0.00   0.00   0.00
  3.93   0.00   0.00   0.00   0.00
  3.95   0.00   0.00   0.00   0.00
  3.98   0.00   0.00   0.00   0.00
  4.00   0.00   0.00   0.00   0.00
  4.03   0.00   0.00   0.00   0.00
  4.05   0.00   0.00   0.00   0.00
  4.08   0.00   0.00   0.00   0.00
  4.10   0.00   0.00   0.00   0.00
  4.12   0.00   0.00   0.00   0.00
  4.15   0.00   0.00   0.00   0.00
  4.17   0.00   0.00   0.00   0.00
  4.20   0.00   0.00   0.00   0.00
  4.23   0.00   0.00   0.00   0.00
  4.25   0.00   0.00   0.00   0.00
  4.28   0.00   0.00   0.00   0.00
  4.30   0.00   0.00   0.00   0.00
  4.33   0.00   0.00   0.00   0.00
  4.35   0.00   0.00   0.00   0.00
  4.38   0.00   0.00   0.00   0.00
  4.40   0.00   0.00   0.00   0.00
  4.42   0.00   0.00   0.00   0.00
  4.45   0.00   0.00   0.00   0.00
  4.48   0.00   0.00   0.00   0.00
  4.50   0.00   0.00   0.00   0.00
  4.53   0.00   0.00   0.00   0.00
  4.55   0.00   0.00   0.00   0.00
  4.58   0.00   0.00   0.00   0.00
  4.60   0.00   0.00   0.00   0.00
  4.62   0.00   0.00   0.00   0.00
  4.65   0.00   0.00   0.00   0.00
  4.67   0.00   0.00   0.00   0.00
  4.70   0.00   0.00   0.00   0.00
  4.73   0.00   0.00   0.00   0.00
  4.75   0.00   0.00   0.00   0.00
  4.78   0.00   0.00   0.00   0.00
  4.80   0.00   0.00   0.00   0.00
  4.83   0.00   0.00   0.00   0.00
  4.85   0.00   0.00   0.00   0.00
  4.88   0.00   0.00   0.00   0.00
  4.90   0.00   0.00   0.00   0.00
  4.93   0.00   0.00   0.00   0.00
  4.95   0.00   0.00   0.00   0.00
  4.98   0.00   0.00   0.00   0.00
